81584102346
81289617413
89687303838
81291001069
81297924891
81310600434
81290096132
85727873795
87831002807
81283880732
81315969003
817777914
89602647155
82281842281
85792611137
85792345425
85714047376
81389016060
81298787493
81808033266
8981064686
8979538509
87777546484
81285733335
82310622583
6281317312050
82111997572
89666764320
89636964867
89689591874
81807917878
81381290789
81291249207
85719090419
89604615425
6281241509087
87850738011
85771951387
87895533741
87888520560
81906130096
81318296431
81282635348
85694659887
82391509144
8987851631
85697659834
82240081957
87887467486
81289761035
85355637163
81295506040
82170826415
82188331150
82311943119
81286510768
85710445111
87878111603
81808488272
85691909045
8161863005
8989635450
81333100425
81808118854
87785193380
628113600430
85643429169
83813508250
87888306675
81296069164
87873778982
87888019692
81298588956
82123101783
87875273111
89638803850
81286240199
81212114284
81311619367
82299638723
87885292896
83819436692
82260016771
85211658296
85714836512
81289193633
81210665023
89663162336
81382401918
895334540134
81380666006
81294327103
81224354748
8984505437
87877415474
8561028092
82226355999
85695976797
87784297829
85711361133
81295348247
85381222313
81294875409
82295175470
82189247398
87781948355
85880073201
81218087015
81335810707
87873266554
8194253551
82121445104
83893418728
87880096909
81806243888
8111904445
87771317920
89650871781
87785191172
81271317676
8194143895
81997802999
8111014326
85343796654
81295246595
895323341686
85691246527
811286543
81293400998
89527533861
82240469865
85858609929
85211416671
87770327114
81180308502
85770582780
87808102420
82158011332
87889897133
82124728822
83811837229
6282182182127
85274029511
81285607058
8161393099
81296580655
81513900805
81291291151
85959543599
8561366968
8891323533
081288336939
#ERROR!
85695998959
81298899268
818282828638
82388058868
85959080891
81380366785
83804444265
81299258239
89607891193
81394098958
82292606924
87888988902
85880359503
82299840410
85731039990
81999510019
81212281682
8388190403
85946788877
87784334982
82167980080
83820057096
8986793669
85318870852
8528579766
8989229472
82310221011
85880385739
82292869566
87888839345
81318815902
8119002108
87723772322
82221482959
81311212393
81290926810
81284044804
81281201571
81213148737
8998495418
6281298887712
81297817814
83872737988
81933360016
82195761798
85768373451
81221937893
85742573164
89630571406
82377724713
87880826612
85880988273
87875678316
89507263252
82111744577
85894053916
89630071038
87808787704
82299348065
82298442232
081224324455
85692484419
81513678939
81288691493
8161134818